1:0:[0.39, 0.89, 0.54, 35.0]
1:1:[0.5, 0.05, 0.09, 21.0]
1:2:[0.4, 0.67, 0.5, 9.0]
1:3:[0.75, 0.38, 0.5, 16.0]
1:4:[0.5, 0.04, 0.07, 27.0]
1:5:[1.0, 1.0, 1.0, 2324.0]
2:0:[0.56, 0.91, 0.69, 11.0]
2:1:[0.29, 0.5, 0.36, 4.0]
2:2:[0.75, 0.75, 0.75, 4.0]
2:3:[0.8, 0.57, 0.67, 7.0]
2:4:[1.0, 0.43, 0.6, 14.0]
2:5:[1.0, 1.0, 1.0, 1867.0]
3:0:[0.36, 0.67, 0.47, 12.0]
3:1:[0.29, 0.57, 0.38, 7.0]
3:2:[1.0, 0.38, 0.55, 8.0]
3:3:[1.0, 0.14, 0.25, 7.0]
3:4:[0.0, 0.0, 0.0, 7.0]
3:5:[1.0, 1.0, 1.0, 2175.0]
4:0:[0.43, 0.72, 0.54, 18.0]
4:1:[0.27, 0.6, 0.37, 5.0]
4:2:[0.89, 0.67, 0.76, 12.0]
4:3:[0.53, 0.73, 0.62, 11.0]
4:4:[0.7, 0.51, 0.59, 45.0]
4:5:[1.0, 1.0, 1.0, 1928.0]
